1,1,1.03742299345318,1.06170260747423,379.696815603863,388.583154335569,0.893840441230894,0.860057589250445,0.0399551620736235,0.056861737577033
1,1,1.04166530961274,1.06170163573526,381.249503318261,388.582798679106,0.915730775260098,0.9100824444527,0.0149929568363885,0.0131882433188857
1,1,1.11135965141919,1.16861901144316,406.757632419423,427.714558188195,0.817440625240123,0.846431212583869,0.135615228199906,0.0604919879747865
1,1,1.05008778802099,1.04612135957162,384.332130415684,382.880417603211,0.93735919320465,0.916608444816695,0.00766669822882462,0.013352836900324
1,1,0.889955969611882,0.847592806662818,325.723884877949,310.218967238591,0.799425817190408,0.845372629386189,0.087709408712283,0.0441871168172416
1,1,1.08478303485146,1.0583411536423,397.030590755633,387.352862233082,0.950190900672298,0.946806343032352,0.00714744466113264,0.010755642692978
1,1,1.02763781313291,1.00200717685318,376.115439606647,366.734626728262,0.946313716115615,0.875996769595332,0.0336814759620264,0.0325476786667257
1,1,1.03001808772198,0.985459710989131,376.986620106244,360.678254222022,0.950225528217405,0.897933537870899,0.0056636820695084,0.0190728198578829
1,1,1.2345668061354,1.49999997638392,451.851451045558,548.999991356516,0.764129551158879,0.638189813123363,0.0219750945831851,0.0272937291413722
1,1,1.03289921745123,1.16279003775509,378.041113587149,425.581153818363,0.88368417047475,0.759416256761528,0.189333123959917,0.0240995429001563
1,1,1.37277546624435,1.28427003550448,502.435820645431,470.042832994638,0.760510663999794,0.645520829279862,0.305230475211007,1.07258421241366
1,1,0.992471546411543,0.986743624557039,363.244585986625,361.148166587876,0.973479628217423,0.90299258032634,0.00613980569781954,0.0369227716653079
1,1,1.13323272564556,1.09257348024743,414.763177586275,399.88189377056,0.930564691217728,0.884049710053842,0.0124123260953161,0.0288733657292123
1,1,0.93474434036162,0.952111690749299,342.116428572353,348.472878814243,0.907918799586427,0.86449626245904,0.0882863191282718,0.232411395525606
1,1,0.821191809922851,0.808065634787003,300.556202431764,295.752022332043,0.799711061899232,0.842097942997099,0.0688119419964816,0.096803162583471
1,1,0.788070571161075,0.784767588969641,288.433829044954,287.224937562889,0.660040616386051,0.643024515831591,0.417366641843171,0.675240497630827
1,1,1.05746196385224,1.10643039337148,387.03107876992,404.95352397396,0.893654661319582,0.913574741492394,0.0216085285787307,0.0227738153651378
1,1,1.05041923641757,1.01186811394066,384.453440528831,370.34372970228,0.931292779428794,0.960070249268462,0.0123473789921252,0.00450148136071362
1,1,0.978225555993919,0.969880910983048,358.030553493774,354.976413419796,0.95354782791589,0.91989539076138,0.0374142412311771,0.0845147975365563
1,1,0.995922773559315,0.976836742347811,364.507735122709,357.522247699299,0.922480053317407,0.828334552908957,0.0124685383944677,0.0270726679045033
1,1,1.03092750588454,1.03958311915225,377.319467153743,380.487421609724,0.961167140679551,0.934223466613444,0.00583150022228207,0.0130267894879278
1,1,0.944925847986001,0.933968192864695,345.842860362876,341.832358588478,0.951648249542004,0.97524686822492,0.0127100326071025,0.00727249244147407
1,1,0.935113983535863,0.936041726523181,342.251717974126,342.591271907484,0.956159410594553,0.915114222528928,0.0593237638402838,0.138380975056058
1,1,1.24129386776519,1.23821349801782,454.313555602061,453.18614027452,0.86981501497052,0.791795197720942,0.176800842755885,1.08033841922201
1,1,0.732278392178768,0.725724472887031,268.013891537429,265.615157076653,0.892909314818177,0.887455797752504,0.019323344434646,0.0144153705374248
1,1,1.02040794480337,1.03958275286109,373.469307798033,380.487287547158,0.849198701744624,0.874025228072597,0.0352282714454861,0.0507226555405191
1,1,0.894021045376663,0.84055697839689,327.211702607859,307.643854093262,0.861782965228219,0.810591076213351,0.0340068987070432,0.0604946324286467
1,1,1.03806001418401,1.06565184658511,379.929965191348,390.028575850152,0.957116379467571,0.932639933002768,0.00687386582585297,0.00685819178217415
1,1,1.05052629684507,1.05021911786043,384.492624645295,384.380197136917,0.969776887496716,0.966581367544768,0.00579104889390677,0.00350252984405513
1,1,0.786442517200541,0.783374492086915,287.837961295398,286.715064103811,0.852621765425563,0.960786235109517,0.0290117903548244,0.0296869233936513
1,1,1.4756033006454,1.0708150068064,540.070808036215,391.918292491141,0.655121307454532,0.770612769235544,0.0853474690943837,0.0219724544349762
1,1,1.49849803813842,1.34228274958376,548.450281958663,491.275486347656,0.810482074965813,0.917365758105895,0.0354568457200152,0.0088393932563298
1,1,1.23464700389998,1.23361021635242,451.880803427394,451.501339184985,0.847186018067014,0.746504418757996,0.105207088507137,0.174497585208473
1,1,1.08008658731866,1.06325999036727,395.311690958628,389.153156474421,0.898772660785565,0.959498431106024,0.0117791789815017,0.0042075486180998
1,1,1.00402418366237,1.02045042582671,367.472851220428,373.484855852575,0.584364439346202,0.494300265240255,2.51194031886749,9.88677550695378
1,1,0.984004600424581,0.976019064801223,360.145683755397,357.222977717248,0.87052910481761,0.751350670546075,0.372751698443316,0.437091637542909
1,1,0.964091609247071,0.958438258287867,352.857528984428,350.788402533359,0.928836117161768,0.957615555678905,0.0998200698260767,0.0184336770122214
1,1,0.931278461022477,0.913852301584146,340.847916734227,334.469942379798,0.896060396138266,0.881967382153769,0.0256816034821647,0.0328693435485108
1,1,1.17646958827108,1.16765430846309,430.587869307216,427.36147689749,0.835167122538802,0.783836415749907,0.134985954424777,0.668522437093081
1,1,0.983498998728193,0.976077534088211,359.960633534519,357.244377476285,0.86147195050514,0.851387827521589,0.0378015443014268,0.0351420183942377
1,1,0.970889850888569,1.01836681980641,355.345685425216,372.722256049145,0.901778256812325,0.780832140810515,0.0320958252867309,0.0281426486758372
1,1,0.943797448872213,0.921146270122877,345.42986628723,337.139534864973,0.932631237764651,0.919504419526068,0.0174904848579673,0.0186355455471455
1,1,0.893833076313602,0.856100565266454,327.142905930778,313.332806887522,0.920171618695938,0.869838076959376,0.0128558450493876,0.0186265800609686
1,1,1.19047643126133,1.25000079102801,435.714373841647,457.500289516252,0.603410901301206,0.620540750332486,9.47804615151079,3.32254297240487
1,1,1.0731188276424,1.09429799520183,392.76149091712,400.513066243868,0.944341434060192,0.878089278233884,0.00619625000055269,0.0167779251606659
1,1,0.917488414845648,0.858115595858372,335.800759833507,314.070308084164,0.831194442652233,0.842022018974984,0.104843434965574,0.178124845923945
1,1,1.08458781651573,1.08379413402441,396.959140844758,396.668653052934,0.910331309574517,0.922185149342056,0.0323314157697051,0.0503971462529201
1,1,1.02674874005185,1.11633067486328,375.790038858979,408.577026999959,0.936689671919177,0.866786055365176,0.0197238109649996,0.0453881881605248
1,1,0.828353130891047,1.19664185567497,303.177245906123,437.97091917704,0.700481014937844,0.687351316161615,0.0762193732457771,0.154999960466297
1,1,0.906857830525192,0.902270389288171,331.90996597222,330.230962479471,0.883839494361245,0.863345387876248,0.0451874366104826,0.0567820521182544
1,1,1.30971131696752,1.27621610284196,479.354342010113,467.095093640158,0.825027283242642,0.734271996295891,0.0172641631823277,0.0687567147321624
1,1,0.966713841145147,0.984617199640171,353.817265859124,360.369895068303,0.950329313631144,0.975130470001675,0.0122798675925647,0.00298635371195073
1,1,0.975688471584935,0.981853737223003,357.101980600086,359.358467823619,0.872340950792939,0.933345497842921,0.063339433537638,0.0139452019634006
1,1,1.27174861901886,1.19664195116005,465.459994560904,437.970954124579,0.918465287935343,0.903215023271696,0.0225422691841732,0.0219367888377443
1,1,0.933081082828848,0.923329587482841,341.507676315358,337.93862901872,0.632986272683572,0.60354142657566,0.257010072712719,0.328914884050321
1,1,0.790976772734504,0.823216814481531,289.497498820829,301.29735410024,0.95885938569036,0.906296173768454,0.00599736290845036,0.0131736197214828
1,1,1.16439110672138,1.15367127890518,426.167145060026,422.243688079295,0.962356531877606,0.956739072443861,0.00480618752526913,0.0167281335233309
1,1,1.35408772457718,1.38888930630903,495.596107195249,508.333486109106,0.901681180108791,0.559361356405112,0.140763845938572,1.13560390362673
1,1,1.09261569281936,1.05429322753301,399.897343571887,385.871321277082,0.900753364763125,0.879317725127185,0.0376688869501364,0.0501439703878627
1,1,1.49999859266887,1.49458298145328,548.999484916808,547.017371211901,0.890409365688896,0.822199490698634,0.0231963997940024,3.59133636492097
1,1,0.894709950676712,0.889254839306652,327.463841947676,325.467271186234,0.941202273086328,0.934525496988258,0.0111823054191836,0.00673024662937583
1,1,1.06396642185841,1.06623941924473,389.411710400177,390.24362744357,0.935975217564991,0.92104774576665,0.0338308391098539,0.0438063996694806
1,1,0.971483316914613,0.973022465144671,355.562893990749,356.12622224295,0.98224949880279,0.980306241526956,0.00210855894992194,0.00224984049037475
1,1,1.13954801606423,1.08008659653606,417.07457387951,395.311694332197,0.957955540608452,0.947921510582664,0.00634246638720238,0.00599029395240252
1,1,1.02228697607539,1.03312568221447,374.157033243593,378.123999690496,0.946946836144903,0.941839705897242,0.00703552055300193,0.00733980043516977
1,1,1.30406441528749,1.38556595670464,477.287575995222,507.117140153897,0.938063644038774,0.940404273539647,0.00788362352520982,0.0305468793399292
1,1,1.01629356078684,0.990149185767324,371.963443247982,362.394601990841,0.85942976217529,0.853097563819169,0.0193480646901524,0.0557786232347319
1,1,1.43730037379014,1.48799074721487,526.051936807192,544.604613480644,0.936281219622309,0.887582024548503,0.0156783539424144,0.0474324614447566
1,1,1.81420180573601,1.79496363975477,663.997860899379,656.956692150247,0.846855189778403,0.823507531364649,0.0352272743678576,0.120248324507216
1,1,1.09670231018198,1.0534445978396,401.393045526604,385.560722809292,0.964574684695955,0.934914486634327,0.00423966878491265,0.0260497892413716
1,1,1.35597912455642,1.32010656265839,496.288359587651,483.159001932969,0.893628817540461,0.919560827756766,0.0185232127174219,0.00833639407548029
1,1,0.868043404258594,0.844396424442622,317.703885958645,309.049091346,0.950784207865308,0.815331029999783,0.00828927588426283,0.320204549844298
1,1,1.13219190245834,1.15510421237376,414.382236299751,422.768141728795,0.953949325696491,0.96415261577134,0.00978692400354659,0.00398319645981186
1,1,1.06316508187661,1.08434431534519,389.11841996684,396.870019416338,0.960608500328198,0.93168820459646,0.0111760751161677,0.00723756342675222
1,1,0.972809656959984,0.985151907784453,356.048334447354,360.56559824911,0.982677843990192,0.953030575302603,0.00642220221914544,0.005264360973504
1,1,0.997709860969881,0.980669558655459,365.161809114976,358.925058467898,0.95331353629686,0.953657260420533,0.00560287940974227,0.00621783050316764
1,1,1.23456666986265,1.36986194445826,451.851401169731,501.369471671724,0.8110827308912,0.813379558568687,0.0181467007120429,0.0153903120257757
1,1,1.1235942864833,1.07526859492973,411.235508852889,393.54830574428,0.893315510830283,0.907429837820196,0.0185160515201533,0.0183005207801671
1,1,0.926818551164505,0.93238293097248,339.215589726209,341.252152735928,0.97858584587601,0.927529535817665,0.00287039712379481,0.00970217933196006
1,1,1.18246418079941,1.17136078403407,432.781890172584,428.718046956469,0.837273563131035,0.89137934335457,0.0275672426378931,0.015252785044516
1,1,0.943078559683596,0.947655899015752,345.166752844196,346.842059039765,0.90473346722337,0.823912062628577,0.0142402906711011,0.0597132229133999
1,1,0.846654466113955,0.871156953664085,309.875534597707,318.843445041055,0.900990067286332,0.837452022368936,0.0178722639387204,0.0337531466594925
1,1,0.939219096615135,0.931501551780244,343.754189361139,340.929567951569,0.904024366725851,0.898595779261997,0.0201004540791289,0.0389735564563221
1,1,0.795978375871857,0.811657549735911,291.3280855691,297.066663203344,0.904553067895802,0.878663247292058,0.019729201808974,0.0302072911726042
1,1,0.939172131603361,0.924652021865173,343.73700016683,338.422640002653,0.793541062158361,0.767724392401223,0.151364418740815,0.102760469950652
1,1,1.05094643401036,1.05274361760635,384.646394847791,385.304164043923,0.968488254341599,0.972589772328785,0.00513563632293299,0.00385077005558973
1,1,1.29949957947107,1.21411084393383,475.616846086413,444.364568879783,0.903182784870842,0.765522294645042,0.0954009020746307,0.178158706306435
1,1,0.988825731363137,0.958261327050918,361.910217678908,350.723645700636,0.954311691684327,0.954050761212397,0.0177920227029781,0.0123765646749363
1,1,1.29870163259282,1.19093056089652,475.324797528971,435.880585288128,0.85539961841728,0.820131914807773,0.209901241544681,0.076642937727269
1,1,0.992670218844394,0.967447958347174,363.317300097048,354.085952755066,0.553495467133633,0.379022665266317,15.2176224783939,53.5991000123623
1,1,0.980553753090033,1.01991112408383,358.882673630952,373.287471414681,0.965651321825618,0.920879770084972,0.0111565748823306,0.00895703414753351
1,1,0.959862774536659,0.970518637023362,351.309775480417,355.20982115055,0.724455551269108,0.69257257682686,0.159946616198341,0.280404103370443
1,1,1.36986238666513,1.31146342604029,501.369633519438,479.995613930746,0.935183197077775,0.947068364239521,0.00852791396681396,0.00560605770530445
1,1,0.995179419110101,1.00402372933352,364.235667394297,367.472684936067,0.895628393596792,0.922530405565174,0.071131927236988,0.0259689865881767
1,1,1.24438928972377,1.20531423719067,455.4464800389,441.145010811785,0.713213021996568,0.622240499894844,0.805709575798583,19.1019336874702
1,1,1.71406880762883,1.6629832712242,627.349183592153,608.651877268057,0.903591557680512,0.906932212498907,0.00922952795346433,0.0109119920869979
1,1,1.49999996954444,1.59976356965463,548.999988853267,585.513466493595,0.892145695785231,0.897848638493997,0.0108816890154963,0.0086539653523094
1,1,0.943750896056735,0.94081004700994,345.412827956765,344.336477205638,0.927970630516101,0.826068247323523,0.0152615453726591,0.0749570733220293
1,1,1.34139818346279,1.32010587098264,490.951735147382,483.158748779645,0.941259460962513,0.909848333918314,0.02262808927774,0.0688676586764261
1,1,0.918011188989093,0.897676233356261,335.992095170008,328.549501408391,0.930410920881951,0.927536191815834,0.0122794896490708,0.0176697937341134
1,1,1.20481928835552,1.30018563693136,440.963859538119,475.867943116879,0.86802711851594,0.913144176902559,0.356752729041976,0.100295764654897
1,1,1.33422488652699,1.39776053026297,488.326308468877,511.580354076247,0.769366110201447,0.617832997958262,0.0264984871126304,0.0336109353711496
1,1,1.37918233116416,0.968704957311493,504.780733206083,354.546014376006,0.739892299807193,0.684905890026736,0.0252179136099699,0.0285331554275956
1,1,1.19378068177214,1.15309928780965,436.923729528602,422.034339338331,0.933691995519555,0.955265222227655,0.00768456693334686,0.014314328912626
1,1,0.952972192699591,0.939013492720225,348.78782252805,343.678938335602,0.942499042348445,0.942104377495707,0.0563322109765812,0.0306448635475646
1,1,0.930715841958542,0.91861864987956,340.641998156826,336.214425855919,0.935851308937238,0.858174229451992,0.0359829691745326,0.139045334318372
1,1,1.09670304907898,1.13151837382709,401.393315962907,414.135724820713,0.812568186718092,0.799863860184206,0.0486758713146975,0.0971457230961163
1,1,1.33333303081512,1.32360657910805,487.999889278334,484.440007953546,0.848558679587247,0.855878298456453,0.0169840802745323,0.018221927789895
1,1,0.973571742774984,0.938648131689387,356.327257855644,343.545216198316,0.932343147377046,0.92355437105285,0.0127908952274131,0.0116529246089151
1,1,0.930133542129081,0.940040294628469,340.428876419244,344.05474783402,0.836504157310781,0.70965320482654,0.0329175154574106,0.0875240352545808
1,1,1.28525972630802,1.33780206523866,470.405059828734,489.635555877348,0.965605380922424,0.928986937601283,0.00536938483868224,0.021657897009426
1,1,0.921507302954085,0.883624510081122,337.271672881195,323.40657068969,0.888970098030755,0.849288620097607,0.0537401171936416,0.0900593538151309
1,1,1.24137697642869,1.22703730158695,454.343973372901,449.095652380822,0.881485687942172,0.930453470841506,0.0121656269761055,0.00840567348556272
1,1,0.724599971594966,0.7209723056626,265.203589603758,263.875863872512,0.839879765363589,0.791684688676951,0.185847712947537,0.609578407128221
1,1,1.14104376976,1.05944707569884,417.622019732159,387.757629705777,0.946419945623682,0.848568535263969,0.00710083751130753,0.0182332958979185
1,1,1.35135047499918,1.26582216372837,494.5942738497,463.290911924585,0.8749328998821,0.933955696265317,0.0125174661378585,0.00628745762671338
1,1,1.22604491920128,1.02674961420023,448.732440427669,375.790358797285,0.653805763541634,0.81310379694494,0.139064379012664,0.0282161764782907
1,1,0.959403236494483,1.01503091722123,351.141584556981,371.50131570297,0.901107093904859,0.876474119380529,0.0594385154089991,0.0887785501333735
1,1,1.00200685462792,1.02674842942405,366.73450879382,375.789925169203,0.898406339284539,0.930998973715785,0.0124375745077566,0.00915475109115629
1,1,1.01010057597177,1.02674893676972,369.696810805668,375.790110857718,0.964317832121332,0.933442705949813,0.00576748022722011,0.00680201100355445
1,1,1.20481873273818,1.2994791393565,440.963656182174,475.609365004477,0.833435140662285,0.800178908875392,0.0203322132404934,0.0405529839263322
1,1,1.09405429841509,1.1627902968753,400.423873219924,425.581248656358,0.94155985087074,0.951718749179046,0.00774846712289831,0.00807334918430677
1,1,0.990743287629688,0.975323052648204,362.612043272466,356.968237269243,0.945430433130734,0.950987741602514,0.0238239929523729,0.0214872454536207
1,1,0.941409639201938,0.952738491493496,344.555927947909,348.70228788662,0.938979813444428,0.944856406316845,0.01482041064442,0.0183891145180978
1,1,0.979082748761255,1.00295533251703,358.344286046619,367.081651701234,0.837956474744146,0.92988760408687,0.0210734893111042,0.00938193834379083
1,1,1.17743678205076,1.13926955815998,430.941862230578,416.972658286554,0.942063938447185,0.901083404730915,0.00711615042626238,0.0165074486726014
1,1,0.726352622622646,0.677090439390016,265.845059879888,247.815100816746,0.744215494337153,0.736195171656164,0.0339483146190117,0.0861787428448478
1,1,0.861520582678466,0.845645710582035,315.316533260318,309.506330073025,0.903040404789469,0.921706514122975,0.0243420487594658,0.0102118027182715
1,1,0.961511969030366,0.946499189496681,351.913380665114,346.418703355785,0.832168563821864,0.831134176283981,0.0229008280760652,0.0510333838844776
1,1,1.70890578898111,1.49999999478297,625.459518767086,548.999998090568,0.74900189545171,0.412931095076709,0.0251791999915755,0.11282836863165
1,1,1.23821377513707,1.29610415089711,453.186241700167,474.374119228343,0.962147408673269,0.943641543342637,0.00616618469403473,0.018106496855517
1,1,1.25692802963801,1.26972013711015,460.035658847513,464.717570182314,0.836169265230553,0.831747546913812,0.0328025094959269,0.0769873927802147
1,1,0.730819128212397,0.693884246841025,267.479800925737,253.961634343815,0.880128490172617,0.900030219887179,0.0161560101156629,0.0138000739369155
1,1,0.846596573124676,0.845388670261277,309.854345763631,309.412253315628,0.87896565137655,0.898278421287188,0.013636386403819,0.0170092404212299
1,1,0.950488345762076,0.951368307166145,347.87873454892,348.200800422809,0.940273019060345,0.906450750409024,0.0290311941567431,0.053892763433297
1,1,0.954024885150627,0.978467805815208,349.173107965129,358.119216928366,0.931639272901285,0.909674907663679,0.0186717280771519,0.0262694269873752
1,1,0.902363943288588,0.95688804451805,330.265203243623,350.221024293606,0.890087503216734,0.819426581772793,0.0746477451618337,0.198174756667017
1,1,0.943059492096213,0.917079525391018,345.159774107214,335.651106293113,0.919388543295581,0.927752178208846,0.0349689776154968,0.0455040735819156
1,1,0.993313771048732,0.976298922129522,363.552840203836,357.325405499405,0.928733046417505,0.951030615642821,0.0121413039167345,0.00667740048546093
1,1,0.934262271243971,0.93229903500451,341.939991275293,341.221446811651,0.773411114639332,0.854705915272157,0.082742804968209,0.0306947584150992
1,1,1.05870054236208,1.05393523798233,387.484398504521,385.740297101534,0.980496466548795,0.979694957686225,0.00326355933039792,0.0038316475608522
1,1,1.22906395415673,1.22864253897424,449.837407221363,449.683169264572,0.634804213421067,0.778216496091503,0.039969817412334,0.0191143568505416
